0RDEBLIQC900000    0025255886202003131805                                                                                                                                                                                                                                                                  *
103425011720005 0025255886450832001319467600000004130320      000000000493000  F99999F00000004F99999F00000004 0540129331         000                             00                             98860000100000204509940006599018130320      01                                                             *
103425011720005 0025255886450832800054529700000007130320      000000000290000  F99999F00000007F99999F00000007 0311253652         000                             00                             98860000100000300000000000000000130320      02                                                             *
103425011720005 0025255886469701000011804100000010130320      000000000290000  F99999F00000010F99999F00000010 0231073457         000                             00                             98860000100000404753930000066380130320      02                                                             *
103425011720005 0025255886479375000684067500000015130320      000000000250000  F99999F00000015F99999F00000015 0774328988         000                             00                             98860000100000500000000000000000130320      03                                                             *
103425011720005 0025255886450832001043610400000016130320      000000000290000  F99999F00000016F99999F00000016 0418477746         000                             00                             98860000100000600000000000000000130320      02                                                             *
103425011720005 0025255886450994000311860600000021130320      000000000453000  F99999F00000021F99999F00000021 0234893605         000                             00                             98860000100000700000000000000000130320      04                                                             *
103425011720005 0025255886405071800722466800000022130320      000000000290000  F99999F00000022F99999F00000022 0112552404         000                             00                             98860000100000804660570108043204130320      04                                                             *
103425011720005 0025255886450994000360627900000031130320      000000000290000  F99999F00000031F99999F00000031 0519139211         000                             00                             98860000100000904753930000142421130320      04                                                             *
103425011720005 0025255886450832001635022600000037130320      000000000290000  F99999F00000037F99999F00000037 0659572925         000                             00                             98860000100001000000000000000000130320      01                                                             *
103425011720005 0025255886469701000033061200000046130320      000000000290000  F99999F00000046F99999F00000046 0440268697         000                             00                             98860000100001104753930000303288130320      02                                                             *
103425011720005 0025255886450994000436793900000056130320      000000000290000  F99999F00000056F99999F00000056 0681900996         000                             00                             98860000100001200000000000000000130320      02                                                             *
103425011720005 0025255886450832000897332400000059130320      000000000290000  F99999F00000059F99999F00000059 0371953932         199TARJETA NO OPERATIVA POR LA E00                             98860000100001300000000000000000130320      00                                                             *
103425011720005 0025255886450994000323409800000070130320      000000000290000  F99999F00000070F99999F00000070 0551964550         000                             00                             98860000100001400000000000000000130320      02                                                             *
103425011720005 0025255886450832000598309400000071130320      000000000290000  F99999F00000071F99999F00000071 0242103497         000                             00                             98860000100001500000000000000000130320      02                                                             *
103425011720005 0025255886450832000864808200000078130320      000000000290000  F99999F00000078F99999F00000078 0362412349         000                             00                             98860000100001604509940006577667130320      04                                                             *
103425011720005 0025255886450832001548860500000079130320      000000000609000  F99999F00000079F99999F00000079 0623716656         000                             00                             98860000100001700000000000000000130320      04                                                             *
103425011720005 0025255886466057001252628600000082130320      000000000250000  F99999F00000082F99999F00000082 0228751496         000                             00                             98860000100001804660578008567735130320      04                                                             *
103425011720005 0025255886450994000353862100000102130320      000000000290000  F99999F00000102F99999F00000102 0586337282         000                             00                             98860000100001900000000000000000130320      01                                                             *
103425011720005 0025255886450994000436781400000107130320      000000000425000  F99999F00000107F99999F00000107 0681900873         000                             00                             98860000100002004509948000420750130320      04                                                             *
103425011720005 0025255886450832001699395900000109130320      000000000493000  F99999F00000109F99999F00000109 0681900729         000                             00                             98860000100002104509940005435024130320      02                                                             *
103425011720005 0025255886450832000897162500000112130320      000000000290000  F99999F00000112F99999F00000112 0371952229         000                             00                             98860000100002200000000000000000130320      04                                                             *
103425011720005 0025255886450833000596221200000116130320      000000000275000  F99999F00000116F99999F00000116 0253607823         000                             00                             98860000100002300000000000000000130320      04                                                             *
103425011720005 0025255886469771000201342700000117130320      000000000665000  F99999F00000117F99999F00000117 0867127771         000                             00                             98860000100002400000000000000000130320      02                                                             *
103425011720005 0025255886450832000907767900000118130320      000000000250000  F99999F00000118F99999F00000118 0235170895         000                             00                             98860000100002500000000000000000130320      03                                                             *
103425011720005 0025255886402918293760800300000119130320      000000000250000  F99999F00000119F99999F00000119 0183313416         000                             00                             98860000100002604029188532977560130320      03                                                             *
103425011720005 0025255886450832000922603700000121130320      000000000425000  F99999F00000121F99999F00000121 0375567100         000                             00                             98860000100002700000000000000000130320      02                                                             *
103425011720005 0025255886450832000910614800000124130320      000000000290000  F99999F00000124F99999F00000124 0234891470         000                             00                             98860000100002800000000000000000130320      04                                                             *
103425011720005 0025255886450832000640843000000127130320      000000000310000  F99999F00000127F99999F00000127 0254926655         000                             00                             98860000100002900000000000000000130320      01                                                             *
103425011720005 0025255886430497001239741900000129130320      000000000541000  F99999F00000129F99999F00000129 0489276473         000                             00                             98860000100003000000000000000000130320      01                                                             *
103425011720005 0025255886450832001776985300000130130320      000000000290000  F99999F00000130F99999F00000130 0714211370         000                             00                             98860000100003100000000000000000130320      04                                                             *
103425011720005 0025255886450832001119928900000132130320      000000000453000  F99999F00000132F99999F00000132 0457913975         000                             00                             98860000100003200000000000000000130320      02                                                             *
103425011720005 0025255886450832800108710900000133130320      000000000290000  F99999F00000133F99999F00000133 0362675829         000                             00                             98860000100003304753930000306091130320      01                                                             *
103425011720005 0025255886450832001586191800000134130320      000000000290000  F99999F00000134F99999F00000134 0641882243         000                             00                             98860000100003400000000000000000130320      04                                                             *
103425011720005 0025255886450832001703433200000137130320      000000000250000  F99999F00000137F99999F00000137 0683032952         000                             00                             98860000100003504509940006713676130320      04                                                             *
103425011720005 0025255886450994000290376800000138130320      000000000465000  F99999F00000138F99999F00000138 0179389849         000                             00                             98860000100003604697010001370724130320      04                                                             *
103425011720005 0025255886450832001545213000000143130320      000000000250000  F99999F00000143F99999F00000143 0622624808         000                             00                             98860000100003704509940006892504130320      04                                                             *
103425011720005 0025255886450994000589313100000145130320      000000000250000  F99999F00000145F99999F00000145 0390182759         000                             00                             98860000100003800000000000000000130320      04                                                             *
103425011720005 0025255886450994000353571800000146130320      000000000453000  F99999F00000146F99999F00000146 0524113882         000                             00                             98860000100003904697018000110108130320      04                                                             *
103425011720005 0025255886455599001523165000000147130320      000000000541000  F99999F00000147F99999F00000147 0680435945         199TARJETA NO OPERATIVA POR LA E00                             98860000100004000000000000000000130320      00                                                             *
103425011720005 0025255886455599000078340000000148130320      000000000525000  F99999F00000148F99999F00000148 0101711386         000                             00                             98860000100004100000000000000000130320      02                                                             *
103425011720005 0025255886450832001113572100000150130320      000000000250000  F99999F00000150F99999F00000150 0444805966         000                             00                             98860000100004204508328001529738130320      04                                                             *
103425011720005 0025255886402918898561467800000151130320      000000000250000  F99999F00000151F99999F00000151 0882740461         000                             00                             98860000100004300000000000000000130320      03                                                             *
103425011720005 0025255886450832000992563800000155130320      000000000250000  F99999F00000155F99999F00000155 0404655767         000                             00                             98860000100004400000000000000000130320      04                                                             *
103425011720005 0025255886405071006827903800000160130320      000000000425000  F99999F00000160F99999F00000160 0294941531         000                             00                             98860000100004500000000000000000130320      01                                                             *
103425011720005 0025255886450833000588568600000166130320      000000000493000  F99999F00000166F99999F00000166 0225564402         000                             00                             98860000100004600000000000000000130320      04                                                             *
103425011720005 0025255886450994000437314300000167130320      000000000453000  F99999F00000167F99999F00000167 0682221953         000                             00                             98860000100004704508320023086011130320      02                                                             *
103425011720005 0025255886450832001275228400000168130320      000000000541000  F99999F00000168F99999F00000168 0518829302         000                             00                             98860000100004804753930000262641130320      02                                                             *
103425011720005 0025255886450994000485791300000169130320      000000000569000  F99999F00000169F99999F00000169 0723393870         000                             00                             98860000100004900000000000000000130320      02                                                             *
103425011720005 0025255886450994000588368600000170130320      000000000290000  F99999F00000170F99999F00000170 0418440131         000                             00                             98860000100005004697010001311116130320      02                                                             *
103425011720005 0025255886450832001327307400000171130320      000000000581000  F99999F00000171F99999F00000171 0544174238         000                             00                             98860000100005100000000000000000130320      04                                                             *
103425011720005 0025255886450832000646338500000172130320      000000000250000  F99999F00000172F99999F00000172 0258677665         191BAJA DE DEB. AUT. SOLICITADA 00                             98860000100005204508328001538127130320      00                                                             *
103425011720005 0025255886450832001700952400000173130320      000000000290000  F99999F00000173F99999F00000173 0682221830         000                             00                             98860000100005300000000000000000130320      02                                                             *
103425011720005 0025255886469701000035515500000174130320      000000000493000  F99999F00000174F99999F00000174 0537118283         000                             00                             98860000100005404697018000065948130320      04                                                             *
103425011720005 0025255886479375000749341700000175130320      000000000685000  F99999F00000175F99999F00000175 0832284030         000                             00                             98860000100005500000000000000000130320      04                                                             *
103425011720005 0025255886450832001733746100000178130320      000000000290000  F99999F00000178F99999F00000178 0693875602         000                             00                             98860000100005604508328001823990130320      04                                                             *
103425011720005 0025255886450832001154284300000180130320      000000000290000  F99999F00000180F99999F00000180 0471110910         000                             00                             98860000100005700000000000000000130320      02                                                             *
103425011720005 0025255886450994000620511100000181130320      000000000290000  F99999F00000181F99999F00000181 0189584162         000                             00                             98860000100005800000000000000000130320      02                                                             *
103425011720005 0025255886454148000459240000000199180320      000000000453000  F99999F00000199F99999F00000199 0000000000         151NRO. DE TARJETA INCORRECTO   00                             98860000100005900000000000000000130320      00                                                             *
103425011720005 0025255886450832001386570500000200130320      000000000290000  F99999F00000200F99999F00000200 0563987620         000                             00                             98860000100006000000000000000000130320      04                                                             *
103425011720005 0025255886450832001699545900000201130320      000000000453000  F99999F00000201F99999F00000201 0681903391         000                             00                             98860000100006100000000000000000130320      02                                                             *
103425011720005 0025255886450832000861400100000203130320      000000000250000  F99999F00000203F99999F00000203 0361237664         199TARJETA NO OPERATIVA POR LA E00                             98860000100006200000000000000000130320      00                                                             *
103425011720005 0025255886459354000335870200000204130320      000000000425000  F99999F00000204F99999F00000204 0868265287         000                             00                             98860000100006300000000000000000130320      02                                                             *
103425011720005 0025255886450832001700959900000207130320      000000000453000  F99999F00000207F99999F00000207 0682221908         000                             00                             98860000100006400000000000000000130320      04                                                             *
103425011720005 0025255886450832000858433700000208130320      000000000453000  F99999F00000208F99999F00000208 0359981775         000                             00                             98860000100006500000000000000000130320      04                                                             *
103425011720005 0025255886450832000583608600000209130320      000000000453000  F99999F00000209F99999F00000209 0235699417         000                             00                             98860000100006600000000000000000130320      02                                                             *
103425011720005 0025255886450832001700948200000211130320      000000000453000  F99999F00000211F99999F00000211 0682221793         000                             00                             98860000100006700000000000000000130320      02                                                             *
103425011720005 0025255886450832001447129700000217130320      000000000453000  F99999F00000217F99999F00000217 0584290985         000                             00                             98860000100006800000000000000000130320      04                                                             *
103425011720005 0025255886450994000603667200000224130320      000000000200000  F99999F00000224F99999F00000224 0869841963         000                             00                             98860000100006904509948000604668130320      04                                                             *
103425011720005 0025255886450832001313751900000231130320      000000000425000  F99999F00000231F99999F00000231 0535314379         000                             00                             98860000100007000000000000000000130320      02                                                             *
103425011720005 0025255886450832000734401400000234130320      000000000250000  F99999F00000234F99999F00000234 0297694111         000                             00                             98860000100007100000000000000000130320      04                                                             *
103425011720005 0025255886450833000495073900000240130320      000000000493000  F99999F00000240F99999F00000240 0119547784         000                             00                             98860000100007204509948000521334130320      04                                                             *
103425011720005 0025255886450994000616450800000243130320      000000000290000  F99999F00000243F99999F00000243 0183253666         000                             00                             98860000100007300000000000000000130320      04                                                             *
103425011720005 0025255886450832001723950100000247130320      000000000290000  F99999F00000247F99999F00000247 0689478321         000                             00                             98860000100007404509940005743377130320      01                                                             *
103425011720005 0025255886433826800001151800000249130320      000000000493000  F99999F00000249F99999F00000249 0832284047         000                             00                             98860000100007504239850000811631130320      02                                                             *
103425011720005 0025255886402918269603400300000250130320      000000000290000  F99999F00000250F99999F00000250 0162087754         000                             00                             98860000100007604029180768785262130320      03                                                             *
103425011720005 0025255886450994000393091900000252130320      000000000290000  F99999F00000252F99999F00000252 0234890262         000                             00                             98860000100007700000000000000000130320      04                                                             *
103425011720005 0025255886450832800082277900000254130320      000000000493000  F99999F00000254F99999F00000254 0234889497         000                             00                             98860000100007800000000000000000130320      04                                                             *
103425011720005 0025255886469701000094410700000261130320      000000000493000  F99999F00000261F99999F00000261 0576821926         000                             00                             98860000100007904753930000312545130320      04                                                             *
103425011720005 0025255886402918104305205600000264130320      000000000290000  F99999F00000264F99999F00000264 0111712047         000                             00                             98860000100008004029189525509253130320      03                                                             *
103425011720005 0025255886450994000314496600000265130320      000000000290000  F99999F00000265F99999F00000265 0546525447         000                             00                             98860000100008100000000000000000130320      04                                                             *
103425011720005 0025255886450832000646365800000267130320      000000000290000  F99999F00000267F99999F00000267 0258677931         000                             00                             98860000100008200000000000000000130320      02                                                             *
103425011720005 0025255886402918698894067800000268130320      000000000290000  F99999F00000268F99999F00000268 0114320508         000                             00                             98860000100008300000000000000000130320      03                                                             *
103425011720005 0025255886450832001290647600000271130320      000000000290000  F99999F00000271F99999F00000271 0526329357         000                             00                             98860000100008400000000000000000130320      04                                                             *
103425011720005 0025255886469701800001339300000273130320      000000000290000  F99999F00000273F99999F00000273 0388935345         000                             00                             98860000100008504697018000110470130320      04                                                             *
103425011720005 0025255886450832001183843100000275130320      000000000569000  F99999F00000275F99999F00000275 0390659851         000                             00                             98860000100008604509940006591650130320      04                                                             *
103425011720005 0025255886450832000436948500000278130320      000000000493000  F99999F00000278F99999F00000278 0193034307         000                             00                             98860000100008700000000000000000130320      04                                                             *
103425011720005 0025255886402918265711900900000282130320      000000000453000  F99999F00000282F99999F00000282 0701769053         000                             00                             98860000100008804029188542181534130320      03                                                             *
103425011720005 0025255886450994000403034700000285130320      000000000290000  F99999F00000285F99999F00000285 0647497641         000                             00                             98860000100008900000000000000000130320      01                                                             *
103425011720005 0025255886402918196704500300000292130320      000000000250000  F99999F00000292F99999F00000292 0249704570         000                             00                             98860000100009004029187375830654130320      03                                                             *
103425011720005 0025255886450994000255013000000295130320      000000000290000  F99999F00000295F99999F00000295 0375010512         000                             00                             98860000100009100000000000000000130320      02                                                             *
103425011720005 0025255886450832001742266900000305130320      000000000290000  F99999F00000305F99999F00000305 0699047634         000                             00                             98860000100009200000000000000000130320      01                                                             *
103425011720005 0025255886450832000901997800000306130320      000000000290000  F99999F00000306F99999F00000306 0372000583         000                             00                             98860000100009300000000000000000130320      04                                                             *
103425011720005 0025255886450832001699540000000309180320      000000000290000  F99999F00000309F99999F00000309 0000000000         151NRO. DE TARJETA INCORRECTO   00                             98860000100009400000000000000000130320      00                                                             *
103425011720005 0025255886450832001346160400000312130320      000000000250000  F99999F00000312F99999F00000312 0235175623         000                             00                             98860000100009500000000000000000130320      04                                                             *
103425011720005 0025255886469701000019428100000316130320      000000000250000  F99999F00000316F99999F00000316 0392462091         154TARJETA DADA DE BAJA         00                             98860000100009600000000000000000130320      00                                                             *
103425011720005 0025255886450832001126545200000317130320      000000000525000  F99999F00000317F99999F00000317 0460643786         000                             00                             98860000100009704509940006938349130320      02                                                             *
103425011720005 0025255886450832000578873300000324130320      000000000493000  F99999F00000324F99999F00000324 0235173719         000                             00                             98860000100009800000000000000000130320      04                                                             *
103425011720005 0025255886450832001538358200000335130320      000000000250000  F99999F00000335F99999F00000335 0619424385         000                             00                             98860000100009904508328001805930130320      04                                                             *
103425011720005 0025255886450832001473508900000337130320      000000000425000  F99999F00000337F99999F00000337 0594445432         000                             00                             98860000100010004508328001677818130320      04                                                             *
103425011730005 0025255886405071009376219800000338130320      000000000290000  F99999F00000338F99999F00000338 0700218402         000                             00                             98860010100010200000000000000000130320      01                                                             *
103425011730005 0025255886450832000579049900000339130320      000000000290000  F99999F00000339F99999F00000339 0235175470         000                             00                             98860010100010300000000000000000130320      04                                                             *
103425011730005 0025255886450832001350876800000351130320      000000000290000  F99999F00000351F99999F00000351 0553469626         000                             00                             98860010100010400000000000000000130320      01                                                             *
103425011730005 0025255886450833000618017800000352130320      000000000453000  F99999F00000352F99999F00000352 0283139505         000                             00                             98860010100010500000000000000000130320      02                                                             *
103425011730005 0025255886450832800091595300000369130320      000000000290000  F99999F00000369F99999F00000369 0362025655         000                             00                             98860010100010604509940006508902130320      04                                                             *
103425011730005 0025255886450832000337543400000370130320      000000000290000  F99999F00000370F99999F00000370 0062917780         000                             00                             98860010100010700000000000000000130320      04                                                             *
103425011730005 0025255886450832001722804100000386130320      000000000290000  F99999F00000386F99999F00000386 0689244834         000                             00                             98860010100010800000000000000000130320      02                                                             *
103425011730005 0025255886450843800123888100000400130320      000000000290000  F99999F00000400F99999F00000400 0116494205         179CUENTA SIN DISPONIBLE        00                             98860010100010900000000000000000130320      00                                                             *
103425011730005 0025255886430495000197315600000406130320      000000000493000  F99999F00000406F99999F00000406 0150364210         199TARJETA NO OPERATIVA POR LA E00                             98860010100011000000000000000000130320      00                                                             *
103425011730005 0025255886450832000859713100000413130320      000000000250000  F99999F00000413F99999F00000413 0360729818         000                             00                             98860010100011100000000000000000130320      04                                                             *
103425011730005 0025255886469700800008003900000419130320      000000000290000  F99999F00000419F99999F00000419 0805555909         000                             00                             98860010100011200000000000000000130320      02                                                             *
103425011730005 0025255886450832001093996600000424130320      000000000453000  F99999F00000424F99999F00000424 0444804468         000                             00                             98860010100011300000000000000000130320      04                                                             *
103425011730005 0025255886450994000436780600000426130320      000000000565000  F99999F00000426F99999F00000426 0681900866         000                             00                             98860010100011400000000000000000130320      04                                                             *
103425011730005 0025255886450832000803127100000430130320      000000000250000  F99999F00000430F99999F00000430 0336010182         000                             00                             98860010100011500000000000000000130320      04                                                             *
103425011730005 0025255886450832001713576600000437130320      000000000541000  F99999F00000437F99999F00000437 0686162843         000                             00                             98860010100011600000000000000000130320      02                                                             *
103425011730005 0025255886450995018970772600000443130320      000000000425000  F99999F00000443F99999F00000443 0831253448         000                             00                             98860010100011704660570104477083130320      04                                                             *
103425011730005 0025255886450833000530923200000445130320      000000000465000  F99999F00000445F99999F00000445 0176056672         000                             00                             98860010100011800000000000000000130320      04                                                             *
103425011730005 0025255886450832001384918800000448130320      000000000290000  F99999F00000448F99999F00000448 0563497749         000                             00                             98860010100011900000000000000000130320      04                                                             *
103425011730005 0025255886450832001284274700000450130320      000000000465000  F99999F00000450F99999F00000450 0521626538         000                             00                             98860010100012000000000000000000130320      02                                                             *
103425011730005 0025255886402918360070875700000451130320      000000000290000  F99999F00000451F99999F00000451 0162401657         000                             00                             98860010100012100000000000000000130320      03                                                             *
103425011730005 0025255886450994000304122000000456130320      000000000465000  F99999F00000456F99999F00000456 0522906277         000                             00                             98860010100012200000000000000000130320      04                                                             *
103425011730005 0025255886402918110976706800000459130320      000000000250000  F99999F00000459F99999F00000459 0264942160         196TIPO DE CONSUMO NO PERMITIDO 00                             98860010100012304029187845699184130320      00                                                             *
103425011730005 0025255886479375000408831900000461130320      000000000310000  F99999F00000461F99999F00000461 0157259944         000                             00                             98860010100012400000000000000000130320      03                                                             *
103425011730005 0025255886469875000004026000000462130320      000000000540000  F99999F00000462F99999F00000462 0958509985         000                             00                             98860010100012500000000000000000130320      02                                                             *
103425011730005 0025255886450832000420497100000464130320      000000000290000  F99999F00000464F99999F00000464 0189583992         000                             00                             98860010100012600000000000000000130320      04                                                             *
103425011730005 0025255886450832001414225200000468130320      000000000425000  F99999F00000468F99999F00000468 0572556408         000                             00                             98860010100012700000000000000000130320      03                                                             *
103425011730005 0025255886450843003102572700000473130320      000000000453000  F99999F00000473F99999F00000473 0241260591         000                             00                             98860010100012800000000000000000130320      01                                                             *
103425011730005 0025255886450832001699372800000480180320      000000000290000  F99999F00000480F99999F00000480 0000000000         151NRO. DE TARJETA INCORRECTO   00                             98860010100012900000000000000000130320      00                                                             *
103425011730005 0025255886450994000464050900000482130320      000000000290000  F99999F00000482F99999F00000482 0709774068         000                             00                             98860010100013004753930000061514130320      02                                                             *
103425011730005 0025255886450832000782052600000483130320      000000000290000  F99999F00000483F99999F00000483 0329501428         000                             00                             98860010100013100000000000000000130320      02                                                             *
103425011730005 0025255886405071013289695700000486130320      000000000453000  F99999F00000486F99999F00000486 0836058871         000                             00                             98860010100013204660570106624575130320      04                                                             *
103425011730005 0025255886450832001094008900000494130320      000000000581000  F99999F00000494F99999F00000494 0444804529         000                             00                             98860010100013300000000000000000130320      04                                                             *
103425011730005 0025255886450994000370256500000495130320      000000000453000  F99999F00000495F99999F00000495 0467481677         000                             00                             98860010100013400000000000000000130320      02                                                             *
103425011730005 0025255886450832000763323400000497130320      000000000250000  F99999F00000497F99999F00000497 0326786794         000                             00                             98860010100013500000000000000000130320      02                                                             *
103425011730005 0025255886433822000015944100000500130320      000000000290000  F99999F00000500F99999F00000500 0593903216         000                             00                             98860010100013600000000000000000130320      02                                                             *
103425011730005 0025255886450832001601911000000503130320      000000000290000  F99999F00000503F99999F00000503 0235176633         000                             00                             98860010100013704508328001833155130320      04                                                             *
103425011730005 0025255886450994000424879000000516130320      000000000290000  F99999F00000516F99999F00000516 0672169838         000                             00                             98860010100013800000000000000000130320      04                                                             *
103425011730005 0025255886450832800121397800000538130320      000000000425000  F99999F00000538F99999F00000538 0464294850         000                             00                             98860010100013900000000000000000130320      02                                                             *
103425011730005 0025255886469701800004012300000551130320      000000000425000  F99999F00000551F99999F00000551 0397130201         000                             00                             98860010100014000000000000000000130320      04                                                             *
103425011730005 0025255886450832800091841100000557130320      000000000425000  F99999F00000557F99999F00000557 0258677979         000                             00                             98860010100014100000000000000000130320      01                                                             *
103425011730005 0025255886454148000413466600000559130320      000000000250000  F99999F00000559F99999F00000559 0698062199         000                             00                             98860010100014200000000000000000130320      01                                                             *
103425011730005 0025255886450994800050971900000563130320      000000000290000  F99999F00000563F99999F00000563 0418168068         000                             00                             98860010100014300000000000000000130320      04                                                             *
103425011730005 0025255886450994000260251900000565130320      000000000290000  F99999F00000565F99999F00000565 0440094823         000                             00                             98860010100014404697010001224095130320      04                                                             *
103425011730005 0025255886450832001699400700000566130320      000000000453000  F99999F00000566F99999F00000566 0681900774         000                             00                             98860010100014500000000000000000130320      02                                                             *
103425011730005 0025255886530574157034748400000574130320      000000000453000  F99999F00000574F99999F00000574 0545940146         168TARJ. NO ES DE GRUPO CERRADO 00                             98860010100014600000000000000000130320      00                                                             *
103425011730005 0025255886450832001686725200000581130320      000000000250000  F99999F00000581F99999F00000581 0389397863         000                             00                             98860010100014700000000000000000130320      04                                                             *
103425011730005 0025255886450832001699388400000587180320      000000000290000  F99999F00000587F99999F00000587 0000000000         151NRO. DE TARJETA INCORRECTO   00                             98860010100014800000000000000000130320      00                                                             *
103425011730005 0025255886450832000984245200000592130320      000000000290000  F99999F00000592F99999F00000592 0401882683         000                             00                             98860010100014900000000000000000130320      02                                                             *
103425011730005 0025255886450994000414100300000595130320      000000000493000  F99999F00000595F99999F00000595 0659573010         000                             00                             98860010100015000000000000000000130320      01                                                             *
103425011730005 0025255886450995010659021300000598130320      000000000290000  F99999F00000598F99999F00000598 0434657274         000                             00                             98860010100015100000000000000000130320      01                                                             *
103425011730005 0025255886450994000659746700000599130320      000000000290000  F99999F00000599F99999F00000599 0537964299         000                             00                             98860010100015200000000000000000130320      04                                                             *
103425011730005 0025255886450832000985007500000600130320      000000000493000  F99999F00000600F99999F00000600 0402102869         000                             00                             98860010100015300000000000000000130320      04                                                             *
103425011730005 0025255886450832001444952500000606130320      000000000465000  F99999F00000606F99999F00000606 0563344632         000                             00                             98860010100015404508328001652019130320      04                                                             *
103425011730005 0025255886450832001617716500000611130320      000000000581000  F99999F00000611F99999F00000611 0654447413         000                             00                             98860010100015504697010001200236130320      04                                                             *
103425011730005 0025255886450832001099579400000612130320      000000000290000  F99999F00000612F99999F00000612 0400505394         000                             00                             98860010100015600000000000000000130320      01                                                             *
103425011730005 0025255886479375000535069200000614130320      000000000425000  F99999F00000614F99999F00000614 0578728898         000                             00                             98860010100015704793758000601415130320      01                                                             *
103425011730005 0025255886475393000003057600000620130320      000000000453000  F99999F00000620F99999F00000620 0289049701         000                             00                             98860010100015804753938000024341130320      04                                                             *
103425011730005 0025255886450832000936783100000629130320      000000000310000  F99999F00000629F99999F00000629 0378995089         000                             00                             98860010100015900000000000000000130320      04                                                             *
103425011730005 0025255886450832001764591300000631130320      000000000493000  F99999F00000631F99999F00000631 0711181472         000                             00                             98860010100016000000000000000000130320      02                                                             *
103425011730005 0025255886450832001731074000000634130320      000000000493000  F99999F00000634F99999F00000634 0691600950         000                             00                             98860010100016100000000000000000130320      04                                                             *
103425011730005 0025255886450832001700945800000636180320      000000000425000  F99999F00000636F99999F00000636 0000000000         151NRO. DE TARJETA INCORRECTO   00                             98860010100016200000000000000000130320      00                                                             *
103425011730005 0025255886450832001526164800000637130320      000000000453000  F99999F00000637F99999F00000637 0616014372         000                             00                             98860010100016304508328001821135130320      04                                                             *
103425011730005 0025255886450994000492815100000645130320      000000000175000  F99999F00000645F99999F00000645 0475677284         000                             00                             98860010100016404509948000606986130320      04                                                             *
103425011730005 0025255886424966000017391800000647130320      000000000493000  F99999F00000647F99999F00000647 0141592071         000                             00                             98860010100016500000000000000000130320      01                                                             *
103425011730005 0025255886402918272565074600000651130320      000000000203000  F99999F00000651F99999F00000651 0442781677         000                             00                             98860010100016604029184947256328130320      03                                                             *
103425011730005 0025255886450832000735986300000656130320      000000000290000  F99999F00000656F99999F00000656 0299512231         000                             00                             98860010100016700000000000000000130320      04                                                             *
103425011730005 0025255886450994800027569100000662130320      000000000290000  F99999F00000662F99999F00000662 0087391680         000                             00                             98860010100016804753930000146893130320      02                                                             *
103425011730005 0025255886479375000706801100000663130320      000000000453000  F99999F00000663F99999F00000663 0605546640         199TARJETA NO OPERATIVA POR LA E00                             98860010100016900000000000000000130320      00                                                             *
103425011730005 0025255886455599001565618700000671130320      000000000290000  F99999F00000671F99999F00000671 0691926173         000                             00                             98860010100017000000000000000000130320      04                                                             *
103425011730005 0025255886450832001049074700000672130320      000000000290000  F99999F00000672F99999F00000672 0421768039         000                             00                             98860010100017100000000000000000130320      04                                                             *
103425011730005 0025255886405071006246547600000709130320      000000000250000  F99999F00000709F99999F00000709 0247747964         000                             00                             98860010100017200000000000000000130320      01                                                             *
103425011730005 0025255886450979014059413000000712130320      000000000290000  F99999F00000712F99999F00000712 0359663235         000                             00                             98860010100017304660570111849530130320      04                                                             *
103425011730005 0025255886479376800002776800000746180320      000000000290000  F99999F00000746F99999F00000746 0000000000         151NRO. DE TARJETA INCORRECTO   00                             98860010100017400000000000000000130320      00                                                             *
103425011730005 0025255886450994000411758100000747130320      000000000290000  F99999F00000747F99999F00000747 0658406207         000                             00                             98860010100017500000000000000000130320      04                                                             *
103425011730005 0025255886479375000491545300000758130320      000000000493000  F99999F00000758F99999F00000758 0512481876         000                             00                             98860010100017604239850000633373130320      01                                                             *
103425011730005 0025255886430497000973614000000759130320      000000000290000  F99999F00000759F99999F00000759 0540464997         000                             00                             98860010100017700000000000000000130320      02                                                             *
103425011730005 0025255886405071800440980900000760130320      000000000493000  F99999F00000760F99999F00000760 0137500145         000                             00                             98860010100017800000000000000000130320      02                                                             *
103425011730005 0025255886455599001026241100000772130320      000000000246500  F99999F00000772F99999F00000772 0580935727         000                             00                             98860010100017900000000000000000130320      01                                                             *
103425011730005 0025255886450832001672821500000774130320      000000000290000  F99999F00000774F99999F00000774 0394574062         000                             00                             98860010100018000000000000000000130320      02                                                             *
103425011730005 0025255886402918302060200200000791130320      000000000290000  F99999F00000791F99999F00000791 0417020613         000                             00                             98860010100018104029187873336527130320      03                                                             *
103425011730005 0025255886469701000100748200000806130320      000000000290000  F99999F00000806F99999F00000806 0444966092         000                             00                             98860010100018200000000000000000130320      04                                                             *
103425011730005 0025255886450832001879563400000808130320      000000000453000  F99999F00000808F99999F00000808 0755800829         000                             00                             98860010100018300000000000000000130320      04                                                             *
103425011730005 0025255886430495000012656600000810130320      000000000290000  F99999F00000810F99999F00000810 0140916746         000                             00                             98860010100018400000000000000000130320      01                                                             *
103425011730005 0025255886450833000536383300000811130320      000000000290000  F99999F00000811F99999F00000811 0171357176         000                             00                             98860010100018500000000000000000130320      04                                                             *
103425011730005 0025255886450979800531304100000818130320      000000000290000  F99999F00000818F99999F00000818 0443608191         000                             00                             98860010100018604509950160299172130320      01                                                             *
103425011730005 0025255886402918485020829000000823130320      000000000290000  F99999F00000823F99999F00000823 0154668363         000                             00                             98860010100018704029186990400687130320      03                                                             *
103425011730005 0025255886450979005851560600000825130320      000000000465000  F99999F00000825F99999F00000825 0246162731         000                             00                             98860010100018800000000000000000130320      01                                                             *
103425011730005 0025255886430496003526157700000831130320      000000000290000  F99999F00000831F99999F00000831 0430778645         000                             00                             98860010100018900000000000000000130320      01                                                             *
103425011730005 0025255886475393000009962100000849130320      000000000290000  F99999F00000849F99999F00000849 0516927510         000                             00                             98860010100019000000000000000000130320      04                                                             *
103425011730005 0025255886450979017121290900000855130320      000000000290000  F99999F00000855F99999F00000855 0792931001         000                             00                             98860010100019100000000000000000130320      01                                                             *
103425011730005 0025255886402918839105385900000857130320      000000000493000  F99999F00000857F99999F00000857 0804479617         196TIPO DE CONSUMO NO PERMITIDO 00                             98860010100019200000000000000000130320      00                                                             *
103425011730005 0025255886402918302041900100000859130320      000000000290000  F99999F00000859F99999F00000859 0111569759         000                             00                             98860010100019304029181778938339130320      03                                                             *
103425011730005 0025255886402918285184000400000860130320      000000000493000  F99999F00000860F99999F00000860 0326948561         000                             00                             98860010100019404029185812470522130320      03                                                             *
103425011730005 0025255886450832001391482600000869130320      000000000290000  F99999F00000869F99999F00000869 0567919229         000                             00                             98860010100019500000000000000000130320      04                                                             *
103425011730005 0025255886469701000091554500000870130320      000000000290000  F99999F00000870F99999F00000870 0455843041         000                             00                             98860010100019600000000000000000130320      04                                                             *
103425011730005 0025255886402918445070806100000872130320      000000000290000  F99999F00000872F99999F00000872 0423430053         000                             00                             98860010100019700000000000000000130320      03                                                             *
103425011730005 0025255886450995004285008500000874130320      000000000290000  F99999F00000874F99999F00000874 0114414780         000                             00                             98860010100019800000000000000000130320      01                                                             *
103425011730005 0025255886402918293773500400000876130320      000000000290000  F99999F00000876F99999F00000876 0184935590         000                             00                             98860010100019904029188852873332130320      03                                                             *
103425011730005 0025255886454846000434879000000891130320      000000000493000  F99999F00000891F99999F00000891 0818844494         000                             00                             98860010100020000000000000000000130320      02                                                             *
103425011740005 0025255886475393000003644100000902130320      000000000290000  F99999F00000902F99999F00000902 0071508528         000                             00                             98860020100020204753938000025181130320      02                                                             *
103425011740005 0025255886450994000445431500000904130320      000000000453000  F99999F00000904F99999F00000904 0692002069         000                             00                             98860020100020300000000000000000130320      02                                                             *
103425011740005 0025255886450995014075073200000914130320      000000000290000  F99999F00000914F99999F00000914 0268430089         000                             00                             98860020100020404050710154582840130320      04                                                             *
103425011740005 0025255886450994000402889500000916130320      000000000250000  F99999F00000916F99999F00000916 0647448373         000                             00                             98860020100020500000000000000000130320      01                                                             *
103425011740005 0025255886450979010977953200000918130320      000000000290000  F99999F00000918F99999F00000918 0451637493         000                             00                             98860020100020600000000000000000130320      01                                                             *
103425011740005 0025255886450832001395219800000924130320      000000000290000  F99999F00000924F99999F00000924 0569632838         000                             00                             98860020100020704509940006665736130320      01                                                             *
103425011740005 0025255886454075800276827500000927130320      000000000290000  F99999F00000927F99999F00000927 0427858787         000                             00                             98860020100020800000000000000000130320      02                                                             *
103425011740005 0025255886450979015653752800001005130320      000000000290000  F99999F00001005F99999F00001005 0725999885         000                             00                             98860020100020900000000000000000130320      01                                                             *
103425011740005 0025255886450995800581210900001016130320      000000000290000  F99999F00001016F99999F00001016 0055510785         000                             00                             98860020100021000000000000000000130320      04                                                             *
103425011740005 0025255886459354000375029600001024130320      000000000290000  F99999F00001024F99999F00001024 0892597176         000                             00                             98860020100021100000000000000000130320      02                                                             *
103425011740005 0025255886479375000786019300001030130320      000000000290000  F99999F00001030F99999F00001030 0869977596         199TARJETA NO OPERATIVA POR LA E00                             98860020100021200000000000000000130320      00                                                             *
103425011740005 0025255886402918714546538500001034130320      000000000290000  F99999F00001034F99999F00001034 0516263155         000                             00                             98860020100021300000000000000000130320      03                                                             *
103425011740005 0025255886405071015093445800001035130320      000000000290000  F99999F00001035F99999F00001035 0851614403         000                             00                             98860020100021404660570108213799130320      01                                                             *
103425011740005 0025255886469771000099206900001036130320      000000000290000  F99999F00001036F99999F00001036 0557436538         000                             00                             98860020100021500000000000000000130320      02                                                             *
103425011740005 0025255886450832800125340400001039130320      000000000290000  F99999F00001039F99999F00001039 0258328525         000                             00                             98860020100021604509940006775386130320      02                                                             *
103425011740005 0025255886450843001003910300001047130320      000000000290000  F99999F00001047F99999F00001047 0301860196         000                             00                             98860020100021700000000000000000130320      02                                                             *
103425011740005 0025255886450994000390342900001050130320      000000000290000  F99999F00001050F99999F00001050 0418461938         000                             00                             98860020100021800000000000000000130320      04                                                             *
103425011740005 0025255886450832002130853200001053130320      000000000290000  F99999F00001053F99999F00001053 0886893789         000                             00                             98860020100021900000000000000000130320      04                                                             *
103425011740005 0025255886455599001672309300001055130320      000000000290000  F99999F00001055F99999F00001055 0720043372         000                             00                             98860020100022000000000000000000130320      02                                                             *
103425011740005 0025255886450832000579242000001058130320      000000000290000  F99999F00001058F99999F00001058 0235177407         000                             00                             98860020100022104509940006653211130320      04                                                             *
103425011740005 0025255886430497001380939600001068130320      000000000290000  F99999F00001068F99999F00001068 0701945763         000                             00                             98860020100022200000000000000000130320      02                                                             *
103425011740005 0025255886450832001451489800001071130320      000000000246500  F99999F00001071F99999F00001071 0587272054         000                             00                             98860020100022300000000000000000130320      02                                                             *
103425011740005 0025255886450994000494185700001119130320      000000000290000  F99999F00001119F99999F00001119 0628664356         000                             00                             98860020100022400000000000000000130320      04                                                             *
103425011740005 0025255886402918780913008500001120130320      000000000493000  F99999F00001120F99999F00001120 0862651974         000                             00                             98860020100022500000000000000000130320      03                                                             *
103425011740005 0025255886430497001261609900001121130320      000000000290000  F99999F00001121F99999F00001121 0649240533         000                             00                             98860020100022600000000000000000130320      01                                                             *
103425011740005 0025255886402918494724531300001124130320      000000000290000  F99999F00001124F99999F00001124 0105884958         000                             00                             98860020100022700000000000000000130320      03                                                             *
103425011740005 0025255886450832002204575200001125130320      000000000020000  F99999F00001125F99999F00001125 0920691979         000                             00                             98860020100022800000000000000000130320      02                                                             *
103425011740005 0025255886450832001969214500001130130320      000000000493000  F99999F00001130F99999F00001130 0579510775         000                             00                             98860020100022900000000000000000130320      04                                                             *
103425011740005 0025255886402918510853938600001132130320      000000000290000  F99999F00001132F99999F00001132 0409931684         000                             00                             98860020100023000000000000000000130320      03                                                             *
103425011740005 0025255886450832001492903900001134130320      000000000290000  F99999F00001134F99999F00001134 0603937895         000                             00                             98860020100023100000000000000000130320      04                                                             *
103425011740005 0025255886479352000103717500001171130320      000000000290000  F99999F00001171F99999F00001171 0930420602         000                             00                             98860020100023200000000000000000130320      01                                                             *
103425011740005 0025255886433826000112856500001174130320      000000000250000  F99999F00001174F99999F00001174 0968226553         000                             00                             98860020100023300000000000000000130320      02                                                             *
103425011740005 0025255886466057009278786500001175130320      000000000290000  F99999F00001175F99999F00001175 0899262422         000                             00                             98860020100023400000000000000000130320      01                                                             *
9RDEBLIQC900000    00252558862020031318050000231000000081251000                                                                                                                                                                                                                                            *
